  (1281, 215)	1.0
  (987, 215)	1.0
  (4505, 215)	1.0
  (135, 215)	1.0
  (4515, 215)	1.0
  (4490, 215)	1.0
  (4553, 215)	1.0
  (1144, 215)	1.0
  (3661, 215)	1.0
  (1913, 215)	1.0
  (3898, 215)	1.0
  (1644, 215)	1.0
  (3675, 215)	1.0
  (4586, 215)	1.0
  (2395, 215)	1.0
  (4055, 215)	1.0
  (628, 215)	1.0
  (3971, 215)	1.0
  (2771, 215)	1.0
  (3944, 215)	1.0
  (1225, 215)	1.0
  (1411, 215)	1.0
  (3789, 215)	1.0
  (1610, 215)	1.0
  (2246, 215)	1.0
  :	:
  (3874, 1910)	1.0
  (1095, 1910)	1.0
  (1762, 1910)	1.0
  (2958, 1910)	1.0
  (3136, 1910)	1.0
  (3526, 1910)	1.0
  (2219, 1910)	1.0
  (1437, 1910)	1.0
  (942, 1910)	1.0
  (1295, 1910)	1.0
  (2674, 1910)	1.0
  (4132, 1910)	1.0
  (3217, 1910)	1.0
  (4445, 1910)	1.0
  (3425, 1910)	1.0
  (4428, 1910)	1.0
  (2599, 1910)	1.0
  (2272, 1910)	1.0
  (2127, 1910)	1.0
  (2977, 1910)	1.0
  (3614, 1910)	1.0
  (3640, 1910)	1.0
  (145, 1910)	1.0
  (648, 1910)	1.0
  (4679, 1910)	1.0
